0 0
1 16
2 27
3 43
4 58
5 72
6 86
7 101
8 112
9 127
10 142
11 157
12 173
13 186
14 201
15 213
16 229
17 245
18 255
19 270
20 286
21 299
22 315
23 327
24 340
25 355
26 370
27 383
28 399
29 415
30 429
31 441
32 455
33 470
34 485
35 499
36 514
37 528
38 544
39 559
40 568
41 584
42 600
43 616
44 627
45 644
46 656
47 671
48 686
49 702
50 713
51 729
52 745
53 756
54 770
55 784
56 799
57 813
58 827
59 841
60 857
61 871
62 886
63 900
64 916
65 927
66 943
67 954
68 972
69 983
70 999
71 1014
72 1028
73 1040
74 1055
75 1070
76 1087
77 1097
78 1112
79 1127
80 1142
81 1158
82 1174
83 1185
84 1201
85 1212
86 1228
87 1240
88 1257
89 1270
90 1286
91 1297
92 1312
93 1327
94 1342
95 1358
96 1374
97 1384
98 1400
99 1415
100 1430
101 1443
102 1455
103 1472
104 1487
105 1497
106 1514
107 1530
108 1541
109 1556
110 1571
111 1586
112 1601
113 1612
114 1626
115 1644
116 1658
117 1672
118 1687
119 1699
120 1715
121 1730
122 1740
123 1755
124 1770
125 1786
126 1797
127 1813
128 1829
129 1840
130 1855
131 1870
132 1884
133 1900
134 1911
135 1926
136 1940
137 1957
138 1968
139 1985
140 2000
141 2012
142 2031
143 2042
144 2058
145 2072
146 2084
147 2101
148 2113
149 2126
150 2145
151 2159
152 2172
153 2182
154 2201
155 2214
156 2227
157 2239
158 2253
159 2273
160 2283
161 2301
162 2313
163 2325
164 2343
165 2354
166 2370
167 2383
168 2396
169 2412
170 2428
171 2443
172 2453
173 2472
174 2487
175 2498
176 2513
177 2528
178 2543
179 2555
180 2571
181 2586
182 2596
183 2614
184 2629
185 2641
186 2657
187 2672
188 2683
189 2701
190 2713
191 2727
192 2739
193 2754
194 2769
195 2787
196 2797
197 2814
198 2825
199 2842
200 2853
201 2870
202 2886
203 2898
204 2916
205 2927
206 2942
207 2954
208 2971
209 2984
210 3001
211 3015
212 3025
213 3041
214 3057
215 3068
216 3085
217 3101
218 3111
219 3127
220 3143
221 3154
222 3170
223 3185
224 3196
225 3212
226 3231
227 3244
228 3254
229 3271
230 3282
231 3297
232 3313
233 3330
234 3341
235 3357
236 3371
237 3385
238 3400
239 3414
240 3428
241 3442
242 3456
243 3471
244 3482
245 3498
246 3513
247 3530
248 3541
249 3558
250 3569
251 3586
252 3596
253 3614
254 3628
255 3639
256 3655
257 3671
258 3687
259 3696
260 3712
261 3729
262 3740
263 3756
264 3768
265 3784
266 3800
267 3814
268 3828
269 3841
270 3853
271 3869
272 3888
273 3898
274 3911
275 3927
276 3940
277 3955
278 3967
279 3982
280 3997
281 4013
282 4028
283 4043
284 4058
285 4069
286 4084
287 4100
288 4110
289 4128
290 4139
291 4156
292 4170
293 4184
294 4200
295 4211
296 4226
297 4243
298 4255
299 4272
300 4283
301 4301
302 4313
303 4324
304 4342
305 4359
306 4370
307 4387
308 4398
309 4414
310 4425
311 4441
312 4456
313 4472
314 4483
315 4499
316 4515
317 4525
318 4542
319 4557
320 4568
321 4587
322 4599
323 4616
324 4626
325 4644
326 4655
327 4672
328 4682
329 4700
330 4713
331 4726
332 4744
333 4756
334 4768
335 4787
336 4801
337 4812
338 4828
339 4839
340 4857
341 4873
342 4883
343 4900
344 4913
345 4926
346 4942
347 4955
348 4968
349 4982
350 5001
351 5014
352 5026
353 5043
354 5058
355 5067
356 5083
357 5100
358 5110
359 5126
360 5142
361 5157
362 5172
363 5182
364 5197
365 5212
366 5228
367 5240
368 5257
369 5272
370 5283
371 5300
372 5314
373 5326
374 5341
375 5358
376 5370
377 5387
378 5398
379 5414
380 5426
381 5444
382 5457
383 5469
384 5487
385 5498
386 5514
387 5525
388 5543
389 5556
390 5571
391 5582
392 5598
393 5615
394 5627
395 5645
396 5656
397 5669
398 5688
399 5701
400 5712
401 5730
402 5741
403 5755
404 5771
405 5787
406 5797
407 5812
408 5828
409 5840
410 5857
411 5868
412 5884
413 5897
414 5913
415 5928
416 5939
417 5955
418 5971
419 5983
420 5998
421 6010
422 6026
423 6043
424 6054
425 6071
426 6082
427 6098
428 6116
429 6130
430 6143
431 6157
432 6170
433 6182
434 6201
435 6214
436 6229
437 6239
438 6254
439 6271
440 6282
441 6300
442 6314
443 6326
444 6343
445 6355
446 6372
447 6383
448 6398
449 6413
450 6429
451 6440
452 6456
453 6472
454 6482
455 6500
456 6512
457 6528
458 6545
459 6555
460 6572
461 6586
462 6600
463 6611
464 6627
465 6644
466 6654
467 6669
468 6685
469 6701
470 6713
471 6726
472 6744
473 6757
474 6769
475 6784
476 6797
477 6815
478 6827
479 6844
480 6855
481 6868
482 6884
483 6901
484 6912
485 6929
486 6939
487 6955
488 6972
489 6982
490 6999
491 7013
492 7029
493 7041
494 7057
495 7068
496 7083
497 7097
498 7113
499 7129
500 7139
501 7156
502 7167
503 7183
504 7199
505 7211
506 7228
507 7242
508 7257
509 7268
510 7285
511 7301
512 7313
513 7328
514 7344
515 7356
516 7373
517 7383
518 7401
519 7414
520 7429
521 7440
522 7456
523 7473
524 7485
525 7497
526 7516
527 7526
528 7543
529 7554
530 7570
531 7584
532 7602
533 7614
534 7629
535 7644
536 7655
537 7671
538 7687
539 7698
540 7715
541 7726
542 7739
543 7756
544 7768
545 7783
546 7799
547 7811
548 7825
549 7840
550 7856
551 7868
552 7884
553 7900
554 7912
555 7929
556 7939
557 7958
558 7969
559 7983
560 8000
561 8011
562 8028
563 8043
564 8055
565 8073
566 8085
567 8097
568 8115
569 8125
570 8142
571 8153
572 8171
573 8186
574 8197
575 8215
576 8226
577 8244
578 8257
579 8271
580 8285
581 8301
582 8312
583 8326
584 8343
585 8358
586 8371
587 8384
588 8397
589 8411
590 8430
591 8443
592 8458
593 8470
594 8487
595 8500
596 8513
597 8526
598 8541
599 8554
600 8570
601 8583
602 8602
603 8616
604 8628
605 8643
606 8656
607 8671
608 8684
609 8699
610 8713
611 8725
612 8739
613 8754
614 8767
615 8784
616 8796
617 8813
618 8829
619 8842
620 8855
621 8872
622 8882
623 8901
624 8912
625 8929
626 8940
627 8958
628 8969
629 8985
630 9000
631 9012
632 9029
633 9043
634 9053
635 9069
636 9084
637 9100
638 9111
639 9126
640 9143
641 9158
642 9168
643 9184
644 9200
645 9210
646 9225
647 9241
648 9257
649 9269
650 9283
651 9300
652 9313
653 9328
654 9343
655 9354
656 9368
657 9385
658 9398
659 9415
660 9426
661 9444
662 9456
663 9473
664 9483
665 9498
666 9516
667 9528
668 9545
669 9556
670 9568
671 9582
672 9602
673 9614
674 9625
675 9640
676 9658
677 9668
678 9684
679 9698
680 9711
681 9726
682 9741
683 9757
684 9772
685 9783
686 9799
687 9811
688 9827
689 9842
690 9858
691 9869
692 9887
693 9898
694 9914
695 9927
696 9941
697 9957
698 9972
699 9986
700 9997
701 10013
702 10030
703 10040
704 10056
705 10072
706 10087
707 10098
708 10110
709 10126
710 10143
711 10154
712 10170
713 10182
714 10199
715 10215
716 10226
717 10242
718 10253
719 10272
720 10287
721 10300
722 10312
723 10328
724 10340
725 10354
726 10371
727 10384
728 10398
729 10412
730 10425
731 10440
732 10457
733 10472
734 10483
735 10499
736 10514
737 10526
738 10544
739 10555
740 10570
741 10587
742 10598
743 10611
744 10628
745 10643
746 10654
747 10668
748 10684
749 10699
750 10711
751 10727
752 10743
753 10755
754 10768
755 10786
756 10797
757 10814
758 10825
759 10843
760 10855
761 10870
762 10886
763 10897
764 10914
765 10925
766 10943
767 10954
768 10971
769 10982
770 11000
771 11011
772 11029
773 11041
774 11058
775 11073
776 11082
777 11100
778 11113
779 11126
780 11140
781 11157
782 11167
783 11183
784 11198
785 11215
786 11230
787 11244
788 11254
789 11272
790 11283
791 11300
792 11312
793 11328
794 11339
795 11357
796 11367
797 11384
798 11400
799 11413
800 11425
801 11439
802 11457
803 11469
804 11486
805 11497
806 11514
807 11525
808 11545
809 11556
810 11567
811 11585
812 11601
813 11615
814 11627
815 11642
816 11658
817 11668
818 11685
819 11696
820 11714
821 11725
822 11742
823 11758
824 11772
825 11786
826 11802
827 11812
828 11827
829 11840
830 11857
831 11871
832 11886
833 11896
834 11914
835 11925
836 11942
837 11957
838 11972
839 11985
840 12000
841 12011
842 12027
843 12041
844 12053
845 12070
846 12085
847 12101
848 12112
849 12126
850 12140
851 12158
852 12171
853 12183
854 12201
855 12212
856 12229
857 12240
858 12258
859 12270
860 12282
861 12300
862 12311
863 12328
864 12339
865 12357
866 12367
867 12382
868 12398
869 12413
870 12429
871 12441
872 12457
873 12468
874 12487
875 12498
876 12513
877 12529
878 12545
879 12558
880 12569
881 12584
882 12598
883 12614
884 12626
885 12641
886 12657
887 12669
888 12686
889 12696
890 12713
891 12725
892 12741
