0 65
1 169
2 270
3 372
4 475
5 579
6 684
7 786
8 888
9 994
10 1098
11 1199
12 1299
13 1403
14 1507
15 1608
16 1713
17 1817
18 1921
19 2025
20 2130
21 2231
22 2333
23 2434
24 2536
25 2637
26 2741
27 2846
28 2950
29 3052
30 3156
31 3257
32 3357
33 3458
34 3560
35 3666
36 3767
37 3871
38 3975
39 4078
40 4183
41 4284
42 4389
43 4490
44 4591
45 4693
46 4799
47 4902
48 5004
49 5105
50 5208
51 5313
52 5415
53 5515
54 5620
55 5720
56 5824
57 5929
58 6029
59 6133
60 6238
61 6341
62 6444
63 6545
64 6647
65 6748
66 6849
67 6952
68 7053
69 7155
70 7259
71 7363
72 7467
73 7570
74 7671
75 7776
76 7882
77 7988
78 8090
79 8194
80 8295
81 8399
82 8501
83 8603
84 8706
85 8812
86 8912
87 9012
88 9116
89 9220
90 9325
91 9425
92 9528
93 9629
94 9735
95 9838
96 9938
97 10042
98 10147
99 10249
100 10350
101 10455
102 10559
103 10665
104 10767
105 10870
106 10971
107 11071
108 11175
109 11279
110 11385
111 11488
112 11593
113 11698
114 11802
115 11907
116 12009
117 12114
118 12219
119 12323
120 12424
121 12525
122 12628
123 12728
124 12832
125 12934
126 13037
127 13141
128 13246
129 13351
130 13452
131 13553
132 13654
133 13754
134 13859
135 13964
136 14065
137 14167
138 14268
139 14374
140 14478
141 14584
142 14684
143 14784
144 14888
145 14993
146 15095
