1 11
2 27
3 40
4 53
5 67
6 83
7 97
8 110
9 123
10 139
11 153
12 167
13 182
14 195
15 208
16 225
17 239
18 253
19 267
20 281
21 295
22 313
23 322
24 338
25 351
26 369
27 383
28 393
29 413
30 423
31 439
32 452
33 469
34 479
35 493
36 511
37 523
38 538
39 550
40 566
41 581
42 597
43 610
44 626
45 638
46 654
47 665
48 681
49 697
50 711
51 727
52 736
53 752
54 768
55 782
56 793
57 812
58 822
59 838
60 854
61 867
62 882
63 897
64 908
65 928
66 938
67 953
68 969
69 982
70 993
71 1011
72 1022
73 1038
74 1054
75 1069
76 1080
77 1099
78 1110
79 1123
80 1140
81 1153
82 1168
83 1179
84 1194
85 1209
86 1222
87 1236
88 1252
89 1267
90 1282
91 1295
92 1310
93 1322
94 1336
95 1352
96 1368
97 1383
98 1396
99 1407
100 1426
101 1437
102 1453
103 1469
104 1479
105 1496
106 1507
107 1525
108 1537
109 1555
110 1567
111 1579
112 1596
113 1608
114 1627
115 1638
116 1654
117 1667
118 1682
119 1696
120 1707
121 1723
122 1739
123 1754
124 1764
125 1780
126 1792
127 1808
128 1822
129 1839
130 1849
131 1863
132 1880
133 1894
134 1910
135 1925
136 1937
137 1950
138 1966
139 1983
140 1993
141 2010
142 2025
143 2037
144 2054
145 2066
146 2081
147 2096
148 2107
149 2121
150 2136
151 2153
152 2168
153 2179
154 2194
155 2208
156 2223
157 2238
158 2250
159 2266
160 2278
161 2298
162 2309
163 2325
164 2335
165 2349
166 2368
167 2381
168 2397
169 2410
170 2424
171 2438
172 2450
173 2467
174 2482
175 2493
176 2510
177 2521
178 2536
179 2549
180 2567
181 2582
182 2594
183 2610
184 2624
185 2635
186 2652
187 2669
188 2679
189 2695
190 2707
191 2723
192 2735
193 2752
194 2767
195 2778
196 2795
197 2810
198 2821
199 2836
200 2853
201 2864
202 2881
203 2895
204 2908
205 2924
206 2940
207 2951
208 2969
209 2980
210 2996
211 3007
212 3026
213 3036
214 3052
215 3068
216 3078
217 3095
218 3106
219 3123
220 3139
221 3156
222 3167
223 3181
224 3196
225 3209
226 3222
227 3238
228 3249
229 3269
230 3282
231 3296
232 3307
233 3325
234 3335
235 3355
236 3367
237 3380
238 3397
239 3409
240 3426
241 3438
242 3449
243 3464
244 3481
245 3492
246 3509
247 3524
248 3539
249 3551
250 3567
251 3579
252 3596
253 3608
254 3623
255 3639
256 3650
257 3665
258 3681
259 3697
260 3708
261 3723
262 3738
263 3754
264 3764
265 3781
266 3796
267 3810
268 3826
269 3837
270 3853
271 3864
272 3879
273 3896
274 3907
275 3921
276 3940
277 3952
278 3965
279 3979
280 3994
281 4007
282 4028
283 4042
284 4055
285 4065
286 4082
287 4094
288 4109
289 4125
290 4135
291 4150
292 4166
293 4182
294 4197
295 4207
296 4224
297 4237
298 4251
299 4264
300 4281
301 4294
302 4310
303 4322
304 4341
305 4352
306 4368
307 4379
308 4395
309 4407
310 4422
311 4436
312 4453
313 4464
314 4480
315 4497
316 4508
317 4523
318 4540
319 4553
320 4568
321 4581
322 4593
323 4608
324 4625
325 4636
326 4655
327 4666
328 4678
329 4693
330 4707
331 4721
332 4740
333 4752
334 4764
335 4783
336 4795
337 4810
338 4821
339 4838
340 4851
341 4865
342 4881
343 4896
344 4907
345 4921
346 4935
347 4950
348 4964
349 4979
350 4992
351 5008
352 5023
353 5040
354 5050
355 5067
356 5082
357 5093
358 5110
359 5121
360 5136
361 5151
362 5167
363 5181
364 5193
365 5210
366 5224
367 5237
368 5251
369 5268
370 5279
371 5295
372 5307
373 5323
374 5339
375 5354
376 5365
377 5380
378 5394
379 5409
380 5424
381 5438
382 5450
383 5466
384 5477
385 5491
386 5506
387 5524
388 5534
389 5553
390 5565
391 5577
392 5593
393 5606
394 5620
395 5636
396 5653
397 5663
398 5681
399 5694
400 5710
401 5722
402 5740
403 5750
404 5763
405 5780
406 5792
407 5808
408 5823
409 5838
410 5851
411 5868
412 5879
413 5892
414 5910
415 5927
416 5935
417 5953
418 5967
419 5984
420 5997
421 6010
422 6023
423 6034
424 6051
425 6064
426 6079
427 6093
428 6108
429 6122
430 6141
431 6150
432 6164
433 6181
434 6195
435 6206
436 6220
437 6236
438 6251
439 6266
440 6279
441 6294
442 6309
443 6320
444 6335
445 6350
446 6365
447 6377
448 6396
449 6406
450 6421
451 6438
452 6453
453 6464
454 6477
455 6495
456 6509
457 6523
458 6540
459 6550
460 6565
461 6583
462 6596
463 6610
464 6621
465 6638
466 6651
467 6666
468 6677
469 6696
470 6707
471 6724
472 6734
473 6748
474 6765
475 6780
476 6794
477 6806
478 6820
479 6838
480 6850
481 6866
482 6877
483 6892
484 6909
485 6922
486 6939
487 6951
488 6966
489 6978
490 6995
491 7009
492 7026
493 7035
494 7052
495 7063
496 7079
497 7092
498 7105
499 7120
500 7135
501 7150
502 7164
503 7178
504 7201
505 7206
506 7222
507 7236
508 7249
509 7266
510 7284
511 7295
512 7307
513 7324
514 7335
515 7351
516 7363
517 7377
518 7393
519 7408
520 7421
521 7436
522 7453
523 7463
524 7482
525 7496
526 7511
527 7522
528 7538
529 7553
530 7566
531 7578
532 7591
533 7609
534 7623
535 7636
536 7651
537 7667
538 7677
539 7697
540 7710
541 7721
542 7737
543 7750
544 7765
545 7781
546 7792
547 7808
548 7824
549 7836
550 7852
551 7863
552 7878
553 7893
554 7906
555 7920
556 7934
557 7951
558 7967
559 7978
560 7994
561 8008
562 8022
563 8034
564 8053
565 8068
566 8077
567 8092
568 8107
569 8122
570 8138
571 8153
572 8163
573 8178
574 8194
575 8207
576 8223
577 8234
578 8252
579 8262
580 8279
581 8294
582 8311
583 8323
584 8336
585 8352
586 8367
587 8378
588 8391
589 8409
590 8420
591 8438
592 8452
593 8465
594 8478
595 8492
596 8508
597 8521
598 8536
599 8549
600 8565
601 8581
602 8592
603 8609
604 8620
605 8634
606 8649
607 8665
608 8681
609 8694
610 8708
611 8724
612 8737
613 8749
614 8764
615 8779
616 8794
617 8810
618 8824
619 8835
620 8852
621 8867
622 8881
623 8895
624 8908
625 8921
626 8935
627 8950
628 8965
629 8982
630 8994
631 9006
632 9023
633 9034
634 9050
635 9067
636 9077
637 9096
638 9107
639 9122
640 9138
641 9149
642 9164
643 9178
644 9196
645 9207
646 9220
647 9237
648 9249
649 9265
650 9281
651 9295
652 9308
653 9322
654 9335
655 9349
656 9367
657 9378
658 9396
659 9408
660 9420
661 9434
662 9448
663 9465
664 9479
665 9494
666 9511
667 9522
668 9538
669 9550
670 9566
671 9577
672 9594
673 9612
674 9625
675 9636
676 9650
677 9665
678 9681
679 9692
680 9707
681 9722
682 9738
683 9749
684 9763
685 9782
686 9792
687 9806
688 9824
689 9835
690 9850
691 9865
692 9878
693 9895
694 9907
695 9923
696 9935
697 9950
698 9966
699 9979
700 9992
701 10009
702 10022
703 10041
704 10052
705 10065
706 10077
707 10099
708 10106
709 10126
710 10139
711 10153
712 10169
713 10179
714 10196
715 10211
716 10224
717 10238
718 10251
719 10268
720 10281
721 10293
722 10308
723 10322
724 10335
725 10352
726 10363
727 10379
728 10395
729 10406
730 10421
731 10436
732 10452
733 10468
734 10479
735 10494
736 10506
737 10525
738 10538
739 10550
740 10569
741 10581
742 10593
743 10609
744 10622
745 10638
746 10650
747 10666
748 10681
749 10696
750 10707
751 10724
752 10735
753 10751
754 10767
755 10777
756 10795
757 10806
758 10821
759 10836
760 10850
761 10866
762 10880
763 10892
764 10910
765 10920
766 10935
767 10951
768 10967
769 10977
770 10994
771 11010
772 11021
773 11037
774 11050
775 11065
776 11077
777 11092
778 11109
779 11122
780 11140
781 11151
782 11165
783 11180
784 11196
785 11206
786 11223
787 11236
788 11249
789 11267
790 11280
791 11291
792 11308
793 11326
794 11338
795 11349
796 11366
797 11381
798 11394
799 11410
800 11424
801 11437
802 11448
803 11463
804 11484
805 11491
806 11507
807 11521
808 11534
809 11554
810 11565
811 11579
812 11594
813 11606
814 11623
815 11635
816 11653
817 11665
818 11683
819 11693
820 11709
821 11720
822 11735
823 11751
824 11765
825 11779
826 11794
827 11810
828 11822
829 11834
830 11851
831 11867
832 11877
833 11892
834 11908
835 11920
836 11935
837 11950
838 11966
839 11979
840 11991
841 12011
842 12024
843 12037
844 12049
845 12066
846 12082
847 12096
848 12112
849 12123
850 12139
851 12151
852 12165
853 12181
854 12196
855 12205
856 12222
857 12238
858 12249
859 12263
860 12277
861 12293
862 12309
863 12322
864 12339
865 12350
866 12366
867 12380
868 12394
869 12410
870 12422
871 12435
872 12453
873 12464
874 12481
875 12492
876 12508
877 12520
878 12537
879 12551
880 12568
881 12580
882 12595
883 12609
884 12626
885 12638
886 12649
887 12663
888 12677
889 12691
890 12706
891 12722
892 12736
893 12752
894 12765
895 12779
896 12795
897 12806
898 12821
899 12839
900 12849
901 12867
902 12879
903 12896
904 12906
905 12920
906 12934
907 12952
908 12964
909 12981
910 12995
911 13005
912 13021
913 13035
914 13050
915 13064
916 13080
917 13095
918 13105
919 13120
920 13136
921 13149
922 13164
923 13180
924 13192
925 13208
926 13220
927 13236
928 13252
929 13267
930 13278
931 13294
932 13305
933 13321
934 13337
935 13350
936 13365
937 13381
938 13393
939 13406
940 13424
941 13436
942 13451
943 13467
944 13481
945 13495
946 13510
947 13520
948 13537
949 13552
950 13564
951 13577
952 13592
953 13606
954 13620
955 13635
956 13649
957 13664
958 13678
959 13692
960 13706
961 13722
962 13738
963 13753
964 13765
965 13781
966 13795
967 13807
968 13823
969 13835
970 13853
971 13863
972 13882
973 13893
974 13909
975 13921
976 13934
977 13950
978 13966
979 13978
980 13991
981 14010
982 14023
983 14035
984 14054
985 14064
986 14077
987 14092
988 14110
989 14121
990 14136
991 14152
992 14164
993 14183
994 14201
995 14208
996 14222
997 14235
998 14254
999 14266
1000 14277
1001 14293
1002 14310
1003 14324
1004 14340
1005 14354
1006 14365
1007 14382
1008 14398
1009 14411
1010 14424
1011 14450
1012 14463
1013 14477
1014 14497
1015 14509
1016 14520
1017 14538
1018 14553
1019 14567
1020 14577
1021 14594
1022 14606
1023 14621
1024 14638
1025 14648
1026 14663
1027 14681
1028 14691
1029 14710
1030 14722
1031 14738
1032 14750
1033 14766
1034 14779
1035 14795
1036 14806
1037 14823
1038 14838
1039 14849
1040 14865
1041 14880
1042 14896
1043 14906
1044 14926
1045 14939
1046 14949
1047 14966
1048 14979
1049 14993
1050 15006
1051 15021
1052 15038
1053 15052
1054 15066
1055 15077
1056 15093
1057 15107
1058 15123
1059 15138
1060 15150
1061 15163
1062 15181
1063 15194
1064 15208
1065 15225
1066 15237
1067 15253
1068 15267
1069 15282
1070 15295
1071 15307
1072 15322
1073 15336
1074 15353
1075 15363
1076 15378
1077 15394
1078 15408
1079 15425
1080 15436
1081 15453
1082 15463
1083 15479
1084 15494
1085 15505
1086 15520
1087 15537
1088 15548
1089 15565
1090 15582
1091 15593
1092 15606
1093 15623
1094 15637
1095 15651
1096 15666
1097 15680
1098 15695
1099 15706
1100 15725
1101 15735
1102 15751
1103 15763
1104 15780
1105 15792
1106 15807
1107 15825
1108 15835
1109 15852
1110 15863
1111 15880
1112 15891
1113 15910
1114 15923
1115 15935
1116 15952
1117 15963
1118 15977
1119 15992
1120 16009
1121 16020
1122 16036
1123 16052
1124 16063
1125 16079
1126 16095
1127 16106
1128 16126
1129 16137
1130 16149
1131 16167
1132 16185
1133 16196
1134 16209
1135 16224
1136 16237
1137 16249
1138 16263
1139 16281
1140 16293
1141 16309
1142 16321
1143 16337
1144 16350
1145 16366
1146 16381
1147 16393
1148 16406
1149 16421
1150 16438
1151 16452
1152 16467
1153 16480
1154 16493
1155 16506
1156 16524
1157 16536
1158 16553
1159 16566
1160 16582
1161 16595
1162 16606
1163 16620
1164 16636
1165 16649
1166 16667
1167 16678
1168 16693
1169 16709
1170 16725
1171 16735
1172 16751
1173 16764
1174 16783
1175 16796
1176 16808
1177 16820
1178 16838
1179 16851
1180 16865
1181 16880
1182 16897
1183 16909
1184 16923
1185 16939
1186 16948
1187 16968
1188 16979
1189 16997
1190 17008
1191 17025
1192 17038
1193 17050
1194 17063
1195 17077
1196 17096
1197 17107
1198 17122
1199 17138
1200 17151
1201 17163
1202 17183
1203 17196
1204 17208
1205 17220
1206 17237
1207 17252
1208 17268
1209 17281
1210 17293
1211 17308
1212 17320
1213 17336
1214 17352
1215 17363
1216 17379
1217 17391
1218 17407
1219 17421
1220 17436
1221 17449
1222 17464
1223 17478
1224 17496
1225 17506
1226 17522
1227 17538
1228 17550
1229 17564
1230 17580
1231 17594
1232 17611
1233 17622
1234 17638
1235 17649
1236 17668
1237 17681
1238 17693
1239 17710
1240 17723
1241 17735
1242 17752
1243 17764
1244 17777
1245 17792
1246 17809
1247 17821
1248 17841
1249 17853
1250 17865
1251 17880
1252 17896
1253 17907
1254 17924
1255 17935
1256 17951
1257 17967
1258 17978
1259 17993
1260 18006
1261 18024
1262 18035
1263 18050
1264 18065
1265 18081
1266 18094
1267 18106
1268 18123
1269 18134
1270 18151
1271 18165
1272 18182
1273 18191
1274 18206
1275 18220
1276 18238
1277 18250
1278 18262
1279 18283
1280 18297
1281 18314
1282 18320
1283 18339
1284 18352
1285 18367
1286 18380
1287 18391
1288 18413
1289 18420
1290 18437
1291 18452
1292 18463
1293 18479
1294 18494
1295 18511
1296 18522
1297 18540
1298 18551
1299 18566
1300 18577
1301 18596
1302 18608
1303 18623
1304 18638
1305 18653
1306 18666
1307 18681
1308 18691
1309 18706
1310 18722
1311 18734
1312 18750
1313 18764
1314 18779
1315 18793
1316 18808
1317 18821
1318 18836
1319 18853
1320 18864
1321 18880
1322 18894
1323 18905
1324 18923
1325 18935
1326 18949
1327 18968
1328 18978
1329 18993
1330 19011
1331 19021
1332 19036
1333 19051
1334 19066
1335 19078
1336 19093
1337 19108
1338 19123
1339 19140
1340 19151
1341 19165
1342 19179
1343 19193
1344 19210
1345 19222
1346 19234
1347 19250
1348 19265
1349 19280
1350 19293
1351 19305
1352 19324
1353 19340
1354 19349
1355 19366
1356 19381
1357 19396
1358 19407
1359 19423
1360 19439
1361 19453
1362 19465
1363 19477
1364 19493
1365 19510
1366 19524
1367 19534
1368 19552
1369 19565
1370 19581
1371 19592
1372 19609
1373 19622
1374 19638
1375 19651
1376 19664
1377 19679
1378 19693
1379 19710
1380 19724
1381 19735
1382 19751
1383 19765
1384 19781
1385 19792
1386 19806
1387 19821
1388 19838
1389 19849
1390 19866
1391 19879
1392 19893
1393 19912
1394 19925
1395 19937
1396 19953
1397 19964
1398 19978
1399 19996
1400 20008
1401 20020
1402 20038
1403 20050
1404 20067
1405 20079
1406 20096
1407 20106
1408 20122
1409 20139
1410 20151
1411 20167
1412 20178
1413 20195
1414 20208
1415 20224
1416 20234
1417 20252
1418 20267
1419 20279
1420 20296
1421 20306
1422 20322
1423 20336
1424 20351
1425 20367
1426 20381
1427 20395
1428 20410
1429 20420
1430 20435
1431 20450
1432 20466
1433 20478
1434 20494
1435 20506
1436 20522
1437 20537
1438 20553
1439 20567
1440 20579
1441 20593
1442 20608
1443 20625
1444 20637
1445 20651
1446 20667
1447 20678
1448 20694
1449 20709
1450 20720
1451 20737
1452 20749
1453 20765
1454 20780
1455 20795
1456 20807
1457 20822
1458 20836
1459 20851
1460 20866
1461 20877
1462 20892
1463 20909
1464 20921
1465 20939
1466 20949
1467 20967
1468 20980
1469 20993
1470 21007
1471 21023
1472 21037
1473 21051
1474 21067
1475 21080
1476 21095
1477 21111
1478 21123
1479 21134
1480 21152
1481 21167
1482 21178
1483 21193
1484 21207
1485 21219
1486 21238
1487 21251
1488 21263
1489 21278
1490 21291
1491 21306
1492 21322
1493 21339
1494 21350
1495 21367
1496 21380
1497 21392
1498 21409
1499 21421
1500 21433
1501 21450
1502 21466
1503 21478
1504 21493
1505 21505
1506 21526
1507 21539
1508 21550
1509 21563
1510 21576
1511 21590
1512 21607
1513 21623
1514 21635
1515 21653
1516 21664
1517 21679
1518 21694
1519 21708
1520 21720
1521 21736
1522 21748
1523 21762
1524 21776
1525 21792
1526 21808
1527 21818
1528 21832
1529 21847
1530 21863
1531 21878
1532 21890
1533 21908
1534 21919
1535 21935
1536 21948
1537 21962
1538 21980
1539 21992
1540 22008
1541 22022
1542 22036
1543 22050
1544 22063
1545 22075
1546 22090
1547 22106
1548 22119
1549 22135
1550 22151
1551 22163
1552 22178
1553 22192
1554 22207
1555 22220
1556 22235
1557 22249
1558 22263
1559 22279
1560 22291
1561 22306
1562 22321
1563 22337
1564 22346
1565 22364
1566 22381
1567 22392
1568 22408
1569 22423
1570 22434
1571 22448
1572 22464
1573 22477
1574 22491
1575 22505
1576 22522
1577 22533
1578 22551
1579 22562
1580 22576
1581 22594
1582 22607
1583 22618
1584 22637
1585 22649
1586 22665
1587 22677
1588 22693
1589 22708
1590 22722
1591 22738
1592 22753
1593 22763
1594 22776
1595 22793
1596 22805
1597 22818
1598 22835
1599 22847
1600 22864
1601 22875
1602 22892
1603 22909
1604 22921
1605 22938
1606 22950
1607 22961
1608 22982
1609 22993
1610 23007
1611 23021
1612 23037
1613 23048
1614 23064
1615 23075
1616 23093
1617 23105
1618 23119
1619 23134
1620 23148
1621 23164
1622 23179
1623 23194
1624 23207
1625 23223
1626 23233
1627 23247
1628 23263
1629 23275
1630 23290
1631 23308
1632 23323
1633 23335
1634 23349
1635 23362
1636 23378
1637 23393
1638 23407
1639 23422
1640 23436
1641 23446
1642 23464
1643 23477
1644 23489
1645 23504
1646 23520
1647 23538
1648 23548
1649 23564
1650 23580
1651 23590
1652 23605
1653 23622
1654 23634
1655 23648
1656 23664
1657 23675
1658 23690
1659 23706
1660 23720
1661 23735
1662 23752
1663 23762
1664 23776
1665 23790
1666 23805
1667 23819
1668 23834
1669 23850
1670 23864
1671 23878
1672 23892
1673 23907
1674 23921
1675 23937
1676 23949
1677 23966
1678 23980
1679 23992
1680 24007
1681 24023
1682 24034
1683 24052
1684 24063
1685 24077
1686 24093
1687 24109
1688 24121
1689 24133
1690 24150
1691 24162
1692 24179
1693 24190
1694 24206
1695 24221
1696 24237
1697 24246
1698 24262
1699 24277
1700 24293
1701 24305
1702 24318
1703 24335
1704 24347
1705 24361
1706 24375
1707 24389
1708 24403
1709 24422
1710 24436
1711 24451
1712 24461
1713 24477
1714 24492
1715 24504
1716 24520
1717 24534
1718 24548
1719 24564
1720 24576
1721 24591
1722 24608
1723 24622
1724 24634
1725 24650
1726 24663
1727 24677
1728 24690
1729 24706
1730 24722
1731 24734
1732 24748
1733 24761
1734 24778
1735 24790
1736 24807
1737 24822
1738 24833
1739 24847
1740 24862
1741 24878
1742 24893
1743 24907
1744 24918
1745 24935
1746 24946
1747 24965
1748 24977
1749 24993
1750 25005
1751 25021
1752 25037
1753 25047
1754 25062
1755 25077
1756 25089
1757 25108
1758 25119
1759 25135
1760 25147
1761 25161
1762 25180
1763 25191
1764 25204
1765 25219
1766 25235
1767 25251
1768 25265
1769 25275
1770 25290
1771 25306
1772 25323
1773 25333
1774 25346
1775 25361
1776 25378
1777 25389
1778 25406
1779 25423
1780 25434
1781 25450
1782 25462
1783 25480
1784 25490
1785 25504
1786 25520
1787 25533
1788 25548
1789 25563
1790 25579
1791 25593
1792 25603
1793 25619
1794 25632
1795 25648
1796 25660
1797 25675
1798 25694
1799 25705
1800 25719
1801 25733
1802 25748
1803 25761
1804 25775
1805 25790
1806 25805
1807 25818
1808 25832
1809 25850
1810 25862
1811 25880
1812 25894
1813 25908
1814 25919
1815 25935
1816 25947
1817 25961
1818 25976
1819 25992
1820 26004
1821 26021
1822 26037
1823 26049
1824 26066
1825 26079
1826 26090
1827 26103
1828 26119
1829 26136
1830 26148
1831 26165
1832 26175
1833 26190
1834 26205
1835 26219
1836 26235
1837 26246
1838 26262
1839 26277
1840 26293
1841 26305
1842 26322
1843 26336
1844 26347
1845 26362
1846 26375
1847 26394
1848 26404
1849 26421
1850 26435
1851 26448
1852 26464
1853 26478
1854 26492
1855 26507
1856 26520
1857 26533
1858 26550
1859 26564
1860 26580
1861 26590
1862 26605
1863 26621
1864 26633
1865 26648
1866 26665
1867 26678
1868 26690
1869 26709
1870 26720
1871 26736
1872 26750
1873 26765
1874 26775
1875 26790
1876 26805
1877 26818
1878 26837
1879 26848
1880 26865
1881 26876
1882 26892
1883 26907
1884 26919
1885 26933
1886 26948
1887 26965
1888 26980
1889 26993
1890 27009
1891 27018
1892 27034
1893 27049
1894 27063
1895 27077
1896 27091
1897 27107
1898 27122
1899 27133
1900 27149
1901 27163
1902 27181
1903 27194
1904 27207
1905 27220
1906 27234
1907 27253
1908 27265
1909 27277
1910 27291
1911 27305
1912 27322
