0 15
1 115
2 219
3 321
4 422
5 525
6 627
7 730
8 833
9 938
10 1042
11 1145
12 1246
13 1347
14 1452
15 1557
16 1660
17 1764
18 1866
19 1970
20 2074
21 2179
22 2281
23 2387
24 2487
25 2591
26 2697
27 2799
28 2902
29 3005
30 3106
31 3209
32 3313
33 3417
34 3522
35 3626
36 3729
37 3833
38 3933
39 4035
40 4137
41 4237
42 4342
43 4448
44 4553
45 4658
46 4763
47 4866
48 4970
49 5073
50 5173
51 5276
52 5380
53 5484
54 5587
55 5689
56 5792
57 5892
58 5995
59 6098
60 6201
61 6305
62 6409
63 6511
64 6611
65 6714
66 6820
67 6925
68 7029
69 7132
70 7235
71 7337
72 7440
73 7541
74 7646
75 7747
76 7849
77 7955
78 8059
79 8161
80 8263
81 8365
82 8469
83 8573
84 8675
85 8777
86 8879
87 8981
88 9082
89 9185
90 9285
91 9387
92 9490
93 9593
94 9693
95 9795
96 9899
97 9999
98 10100
99 10201
100 10301
101 10406
102 10509
103 10615
104 10719
105 10820
106 10924
107 11026
108 11129
109 11234
110 11337
111 11441
112 11544
113 11648
114 11752
115 11852
116 11954
117 12057
118 12159
119 12263
120 12366
121 12467
122 12569
123 12670
124 12774
125 12877
126 12982
127 13087
128 13190
129 13291
130 13392
131 13493
132 13596
133 13700
134 13802
135 13905
136 14005
137 14108
138 14209
139 14312
140 14417
141 14518
142 14618
143 14719
