1 13
2 27
3 42
4 58
5 74
6 83
7 100
8 115
9 127
10 143
11 157
12 171
13 187
14 202
15 213
16 226
17 242
18 259
19 269
20 284
21 300
22 316
23 331
24 342
25 357
26 370
27 385
28 401
29 414
30 426
31 443
32 457
33 473
34 485
35 501
36 513
37 529
38 541
39 559
40 571
41 589
42 600
43 617
44 628
45 645
46 657
47 672
48 687
49 703
50 717
51 727
52 743
53 757
54 769
55 786
56 802
57 812
58 830
59 841
60 856
61 872
62 888
63 899
64 916
65 928
66 945
67 956
68 972
69 987
70 1002
71 1013
72 1030
73 1041
74 1058
75 1073
76 1089
77 1101
78 1114
79 1130
80 1144
81 1158
82 1174
83 1185
84 1202
85 1213
86 1230
87 1241
88 1254
89 1272
90 1289
91 1300
92 1316
93 1330
94 1345
95 1360
96 1371
97 1387
98 1398
99 1414
100 1430
101 1441
102 1458
103 1472
104 1487
105 1502
106 1512
107 1529
108 1544
109 1558
110 1570
111 1586
112 1598
113 1613
114 1628
115 1644
116 1655
117 1673
118 1684
119 1700
120 1716
121 1726
122 1742
123 1757
124 1772
125 1783
126 1800
127 1814
128 1829
129 1845
130 1855
131 1874
132 1885
133 1902
134 1913
135 1930
136 1941
137 1957
138 1974
139 1984
140 2003
141 2015
142 2026
143 2042
144 2058
145 2074
146 2084
147 2101
148 2116
149 2131
150 2146
151 2155
152 2176
153 2189
154 2201
155 2217
156 2228
157 2245
158 2256
159 2273
160 2287
161 2299
162 2314
163 2331
164 2342
165 2355
166 2373
167 2386
168 2400
169 2417
170 2429
171 2441
172 2458
173 2473
174 2484
175 2501
176 2517
177 2527
178 2542
179 2558
180 2572
181 2587
182 2602
183 2613
184 2628
185 2642
186 2658
187 2669
188 2689
189 2702
190 2716
191 2728
192 2741
193 2760
194 2774
195 2785
196 2806
197 2814
198 2827
199 2846
200 2861
201 2873
202 2885
203 2898
204 2912
205 2931
206 2944
207 2959
208 2971
209 2983
210 3005
211 3016
212 3026
213 3044
214 3056
215 3071
216 3088
217 3098
218 3115
219 3127
220 3144
221 3156
222 3172
223 3188
224 3199
225 3212
226 3229
227 3241
228 3259
229 3270
230 3286
231 3303
232 3314
233 3326
234 3344
235 3355
236 3374
237 3385
238 3397
239 3417
240 3429
241 3441
242 3459
243 3470
244 3485
245 3498
246 3514
247 3530
248 3542
249 3560
250 3571
251 3589
252 3601
253 3612
254 3630
255 3642
256 3660
257 3670
258 3686
259 3699
260 3717
261 3728
262 3745
263 3756
264 3773
265 3785
266 3801
267 3816
268 3828
269 3845
270 3855
271 3871
272 3888
273 3899
274 3912
275 3929
276 3941
277 3959
278 3971
279 3986
280 4000
281 4016
282 4030
283 4042
284 4059
285 4071
286 4088
287 4100
288 4112
289 4127
290 4143
291 4160
292 4172
293 4186
294 4197
295 4214
296 4226
297 4242
298 4259
299 4270
300 4286
301 4298
302 4314
303 4330
304 4345
305 4356
306 4373
307 4384
308 4401
309 4415
310 4429
311 4443
312 4456
313 4471
314 4488
315 4499
316 4516
317 4527
318 4544
319 4556
320 4574
321 4586
322 4603
323 4615
324 4626
325 4644
326 4655
327 4674
328 4687
329 4698
330 4717
331 4729
332 4744
333 4756
334 4775
335 4788
336 4800
337 4815
338 4828
339 4846
340 4859
341 4869
342 4887
343 4899
344 4915
345 4926
346 4944
347 4955
348 4971
349 4987
350 4998
351 5014
352 5030
353 5040
354 5055
355 5070
356 5089
357 5100
358 5116
359 5127
360 5142
361 5156
362 5172
363 5184
364 5201
365 5212
366 5228
367 5246
368 5256
369 5270
370 5288
371 5299
372 5316
373 5328
374 5347
375 5359
376 5370
377 5390
378 5398
379 5414
380 5431
381 5442
382 5455
383 5471
384 5485
385 5501
386 5516
387 5530
388 5543
389 5558
390 5569
391 5587
392 5599
393 5616
394 5626
395 5644
396 5659
397 5669
398 5686
399 5702
400 5712
401 5728
402 5745
403 5756
404 5775
405 5786
406 5799
407 5816
408 5828
409 5844
410 5856
411 5870
412 5886
413 5903
414 5912
415 5929
416 5946
417 5959
418 5970
419 5986
420 5998
421 6017
422 6027
423 6045
424 6055
425 6071
426 6083
427 6100
428 6117
429 6129
430 6141
431 6158
432 6173
433 6188
434 6198
435 6215
436 6231
437 6243
438 6255
439 6270
440 6287
441 6299
442 6316
443 6327
444 6345
445 6355
446 6373
447 6388
448 6402
449 6416
450 6426
451 6443
452 6460
453 6471
454 6486
455 6497
456 6517
457 6528
458 6544
459 6559
460 6570
461 6585
462 6602
463 6613
464 6632
465 6644
466 6659
467 6671
468 6688
469 6700
470 6712
471 6731
472 6743
473 6759
474 6772
475 6783
476 6801
477 6818
478 6831
479 6843
480 6855
481 6871
482 6886
483 6899
484 6916
485 6927
486 6942
487 6957
488 6974
489 6984
490 6998
491 7013
492 7029
493 7041
494 7059
495 7070
496 7085
497 7101
498 7114
499 7128
500 7145
501 7156
502 7171
503 7186
504 7199
505 7218
506 7228
507 7243
508 7255
509 7274
510 7288
511 7300
512 7318
513 7333
514 7343
515 7356
516 7375
517 7386
518 7403
519 7414
520 7430
521 7441
522 7459
523 7475
524 7486
525 7498
526 7514
527 7531
528 7544
529 7555
530 7575
531 7588
532 7603
533 7611
534 7630
535 7643
536 7656
537 7671
538 7687
539 7702
540 7714
541 7729
542 7742
543 7755
544 7768
545 7782
546 7799
547 7814
548 7829
549 7844
550 7860
551 7872
552 7885
553 7897
554 7915
555 7933
556 7946
557 7956
558 7970
559 7987
560 8000
561 8015
562 8026
563 8044
564 8057
565 8069
566 8086
567 8097
568 8118
569 8130
570 8142
571 8159
572 8171
573 8182
574 8200
575 8216
576 8226
577 8245
578 8256
579 8269
580 8286
581 8301
582 8316
583 8327
584 8342
585 8359
586 8369
587 8384
588 8399
589 8414
590 8428
591 8443
592 8459
593 8470
594 8487
595 8499
596 8511
597 8527
598 8539
599 8557
600 8568
601 8585
602 8597
603 8614
604 8630
605 8642
606 8655
607 8674
608 8687
609 8699
610 8716
611 8727
612 8740
613 8754
614 8770
615 8791
616 8797
617 8813
618 8831
619 8843
620 8854
621 8873
622 8888
623 8897
624 8916
625 8931
626 8947
627 8954
628 8971
629 8985
630 8998
631 9015
632 9029
633 9042
634 9054
635 9071
636 9085
637 9100
638 9114
639 9127
640 9142
641 9155
642 9169
643 9184
644 9198
645 9214
646 9227
647 9244
648 9256
649 9274
650 9286
651 9298
652 9315
653 9327
654 9345
655 9356
656 9373
657 9386
658 9398
659 9412
660 9430
661 9443
662 9455
663 9472
664 9484
665 9497
666 9515
667 9527
668 9543
669 9554
670 9568
671 9583
672 9599
673 9616
674 9627
675 9643
676 9656
677 9670
678 9684
679 9696
680 9716
681 9728
682 9745
683 9756
684 9769
685 9788
686 9800
687 9814
688 9831
689 9841
690 9859
691 9872
692 9886
693 9901
694 9913
695 9931
696 9943
697 9954
698 9972
699 9983
700 10000
701 10012
702 10032
703 10043
704 10056
705 10074
706 10085
707 10102
708 10115
709 10129
710 10145
711 10157
712 10173
713 10184
714 10197
715 10214
716 10229
717 10241
718 10257
719 10272
720 10282
721 10304
722 10315
723 10325
724 10342
725 10358
726 10368
727 10386
728 10397
729 10413
730 10430
731 10441
732 10458
733 10470
734 10482
735 10498
736 10516
737 10527
738 10545
739 10556
740 10573
741 10586
742 10597
743 10614
744 10625
745 10642
746 10657
747 10668
748 10684
749 10699
750 10716
751 10728
752 10740
753 10759
754 10770
755 10784
756 10801
757 10811
758 10827
759 10839
760 10856
761 10869
762 10884
763 10903
764 10914
765 10929
766 10941
767 10957
768 10973
769 10982
770 11000
771 11016
772 11027
773 11043
774 11054
775 11070
776 11086
777 11099
778 11114
779 11129
780 11141
781 11159
782 11171
783 11184
784 11201
785 11213
786 11227
787 11245
788 11255
789 11273
790 11285
791 11301
792 11313
793 11329
794 11341
795 11356
796 11371
797 11383
798 11399
799 11412
800 11428
801 11441
802 11459
803 11470
804 11487
805 11498
806 11513
807 11530
808 11542
809 11559
810 11570
811 11585
812 11601
813 11612
814 11629
815 11640
816 11657
817 11673
818 11684
819 11701
820 11712
821 11729
822 11744
823 11763
824 11769
825 11788
826 11800
827 11812
828 11829
829 11840
830 11856
831 11873
832 11885
833 11901
834 11915
835 11927
836 11945
837 11956
838 11971
839 11982
840 12000
841 12012
842 12030
843 12042
844 12058
845 12069
846 12085
847 12097
848 12114
849 12130
850 12140
851 12157
852 12172
853 12186
854 12200
855 12215
856 12229
857 12244
858 12260
859 12269
860 12285
861 12299
862 12312
863 12328
864 12341
865 12356
866 12371
867 12386
868 12400
869 12413
870 12428
871 12440
872 12454
873 12473
874 12488
875 12501
876 12513
877 12530
878 12541
879 12554
880 12572
881 12583
882 12600
883 12612
884 12629
885 12641
