1 11
2 22
3 38
4 52
5 67
6 83
7 93
8 111
9 120
10 134
11 150
12 166
13 181
14 192
15 208
16 223
17 236
18 252
19 263
20 279
21 294
22 310
23 327
24 336
25 351
26 365
27 379
28 393
29 408
30 421
31 435
32 449
33 467
34 478
35 492
36 508
37 524
38 539
39 549
40 564
41 579
42 593
43 610
44 620
45 636
46 653
47 665
48 680
49 694
50 708
51 723
52 737
53 752
54 764
55 779
56 793
57 807
58 823
59 835
60 851
61 866
62 880
63 895
64 908
65 923
66 940
67 950
68 965
69 982
70 994
71 1008
72 1021
73 1037
74 1052
75 1063
76 1078
77 1092
78 1108
79 1124
80 1137
81 1154
82 1164
83 1179
84 1196
85 1205
86 1221
87 1236
88 1250
89 1267
90 1278
91 1293
92 1309
93 1323
94 1338
95 1352
96 1366
97 1381
98 1395
99 1406
100 1423
101 1439
102 1448
103 1465
104 1479
105 1493
106 1510
107 1521
108 1537
109 1553
110 1563
111 1578
112 1594
113 1610
114 1622
115 1637
116 1654
117 1663
118 1679
119 1695
120 1707
121 1723
122 1737
123 1753
124 1763
125 1780
126 1795
127 1809
128 1824
129 1835
130 1851
131 1867
132 1879
133 1892
134 1907
135 1923
136 1938
137 1952
138 1964
139 1977
140 1993
141 2008
142 2023
143 2039
144 2052
145 2063
146 2079
147 2094
148 2107
149 2123
150 2139
151 2150
152 2166
153 2177
154 2194
155 2209
156 2225
157 2235
158 2251
159 2263
160 2280
161 2296
162 2310
163 2320
164 2336
165 2351
166 2368
167 2379
168 2395
169 2410
170 2422
171 2437
172 2451
173 2466
174 2481
175 2495
176 2507
177 2523
178 2539
179 2550
180 2566
181 2582
182 2592
183 2610
184 2625
185 2637
186 2652
187 2665
188 2681
189 2692
190 2708
191 2724
192 2734
193 2749
194 2764
195 2780
196 2796
197 2809
198 2824
199 2837
200 2851
201 2867
202 2881
203 2895
204 2912
205 2921
206 2936
207 2949
208 2965
209 2979
210 2993
211 3010
212 3021
213 3038
214 3052
215 3063
216 3077
217 3094
218 3109
219 3121
220 3138
221 3154
222 3164
223 3180
224 3194
225 3207
226 3223
227 3238
228 3253
229 3263
230 3278
231 3293
232 3306
233 3323
234 3338
235 3352
236 3365
237 3380
238 3395
239 3410
240 3422
241 3438
242 3451
243 3465
244 3478
245 3493
246 3507
247 3522
248 3537
249 3550
250 3564
251 3579
252 3594
253 3609
254 3624
255 3634
256 3650
257 3666
258 3677
259 3693
260 3708
261 3724
262 3736
263 3751
264 3767
265 3777
266 3795
267 3806
268 3821
269 3835
270 3850
271 3866
272 3882
273 3893
274 3910
275 3921
276 3935
277 3951
278 3966
279 3982
280 3992
281 4006
282 4023
283 4038
284 4052
285 4063
286 4079
287 4094
288 4109
289 4121
290 4135
291 4149
292 4168
293 4177
294 4191
295 4207
296 4222
297 4237
298 4249
299 4266
300 4281
301 4296
302 4308
303 4324
304 4334
305 4352
306 4368
307 4380
308 4391
309 4408
310 4421
311 4435
312 4451
313 4467
314 4477
315 4492
316 4507
317 4524
318 4536
319 4550
320 4564
321 4579
322 4595
323 4608
324 4624
325 4635
326 4654
327 4664
328 4679
329 4694
330 4710
331 4721
332 4738
333 4753
334 4763
335 4779
336 4796
337 4807
338 4821
339 4835
340 4849
341 4866
342 4879
343 4893
344 4911
345 4920
346 4937
347 4952
348 4967
349 4978
350 4995
351 5010
352 5022
353 5038
354 5050
355 5063
356 5079
357 5095
358 5106
359 5121
360 5137
361 5149
362 5166
363 5179
364 5196
365 5207
366 5223
367 5238
368 5253
369 5266
370 5281
371 5291
372 5308
373 5324
374 5335
375 5352
376 5368
377 5378
378 5393
379 5407
380 5422
381 5436
382 5452
383 5466
384 5479
385 5494
386 5510
387 5521
388 5535
389 5551
390 5566
391 5580
392 5591
393 5610
394 5625
395 5635
396 5650
397 5667
398 5678
399 5694
400 5709
401 5720
402 5735
403 5753
404 5763
405 5782
406 5792
407 5808
408 5825
409 5836
410 5852
411 5863
412 5878
413 5893
414 5908
415 5924
416 5934
417 5949
418 5963
419 5979
420 5996
421 6007
422 6023
423 6038
424 6053
425 6063
426 6079
427 6094
428 6105
429 6124
430 6134
431 6154
432 6165
433 6180
434 6192
435 6207
436 6221
437 6235
438 6252
439 6268
440 6278
441 6293
442 6306
443 6321
444 6336
445 6351
446 6363
447 6381
448 6396
449 6407
450 6423
451 6437
452 6449
453 6465
454 6481
455 6495
456 6509
457 6521
458 6536
459 6553
460 6563
461 6578
462 6595
463 6607
464 6623
465 6638
466 6652
467 6666
468 6681
469 6693
470 6711
471 6721
472 6734
473 6752
474 6764
475 6782
476 6793
477 6805
478 6824
479 6837
480 6849
481 6869
482 6882
483 6895
484 6909
485 6924
486 6940
487 6952
488 6968
489 6979
490 6996
491 7008
492 7020
493 7034
494 7052
495 7067
496 7079
497 7092
498 7107
499 7122
500 7137
501 7152
502 7167
503 7178
504 7193
505 7209
506 7222
507 7238
508 7254
509 7264
510 7280
511 7295
512 7310
513 7322
514 7339
515 7349
516 7364
517 7380
518 7395
519 7410
520 7421
521 7436
522 7451
523 7466
524 7481
525 7493
526 7507
527 7522
528 7535
529 7553
530 7563
531 7581
532 7596
533 7607
534 7622
535 7634
536 7652
537 7667
538 7678
539 7693
540 7709
541 7721
542 7740
543 7752
544 7764
545 7781
546 7795
547 7811
548 7820
549 7837
550 7852
551 7863
552 7879
553 7896
554 7910
555 7921
556 7936
557 7952
558 7964
559 7981
560 7996
561 8011
562 8021
563 8039
564 8052
565 8063
566 8077
567 8093
568 8106
569 8122
570 8137
571 8152
572 8164
573 8178
574 8195
575 8206
576 8223
577 8238
578 8253
579 8264
580 8278
581 8294
582 8311
583 8321
584 8336
585 8351
586 8363
587 8379
588 8393
589 8408
590 8424
591 8438
592 8454
593 8464
594 8480
595 8495
596 8506
597 8523
598 8538
599 8553
600 8563
601 8579
602 8594
603 8609
604 8624
605 8638
606 8649
607 8666
608 8681
609 8692
610 8707
611 8723
612 8738
613 8751
614 8766
615 8778
616 8793
617 8808
618 8820
619 8839
620 8848
621 8867
622 8878
623 8893
624 8909
625 8920
626 8936
627 8951
628 8964
629 8980
630 8993
631 9010
632 9020
633 9036
634 9050
635 9065
636 9081
637 9094
638 9107
639 9122
640 9135
641 9150
642 9166
643 9183
644 9193
645 9209
646 9225
647 9234
648 9249
649 9266
650 9281
651 9296
652 9308
653 9323
654 9338
655 9355
656 9366
657 9379
658 9396
659 9406
660 9421
661 9437
662 9449
663 9466
664 9480
665 9494
666 9506
667 9522
668 9536
669 9551
670 9566
671 9577
672 9594
673 9610
674 9621
675 9637
676 9654
677 9664
678 9682
679 9694
680 9711
681 9721
682 9735
683 9749
684 9766
685 9781
686 9796
687 9810
688 9821
689 9836
690 9851
691 9864
692 9880
693 9894
694 9910
695 9920
696 9935
697 9952
698 9964
699 9980
700 9996
701 10007
702 10023
703 10035
704 10053
705 10068
706 10081
707 10094
708 10110
709 10122
710 10136
711 10152
712 10169
713 10179
714 10196
715 10207
716 10222
717 10237
718 10251
719 10267
720 10277
721 10294
722 10310
723 10325
724 10337
725 10352
726 10367
727 10377
728 10396
729 10407
730 10421
731 10436
732 10451
733 10467
734 10479
735 10494
736 10509
737 10523
738 10537
739 10551
740 10564
741 10580
742 10593
743 10609
744 10625
745 10636
746 10653
747 10663
748 10679
749 10696
750 10706
751 10721
752 10737
753 10750
754 10765
755 10780
756 10795
757 10806
758 10821
759 10837
760 10851
761 10863
762 10880
763 10893
764 10910
765 10920
766 10935
767 10953
768 10965
769 10978
770 10993
771 11007
772 11023
773 11038
774 11049
775 11065
776 11078
777 11093
778 11107
779 11123
780 11135
781 11151
782 11165
783 11179
784 11195
785 11206
786 11220
787 11237
788 11252
789 11263
790 11279
791 11296
792 11307
793 11323
794 11338
795 11351
796 11367
797 11377
798 11392
799 11406
800 11421
801 11438
802 11452
803 11467
804 11481
805 11492
806 11508
807 11525
808 11536
809 11550
810 11567
811 11581
812 11591
813 11607
814 11623
815 11638
816 11652
817 11664
818 11680
819 11695
820 11707
821 11721
822 11738
823 11749
824 11765
825 11782
826 11793
827 11808
828 11823
829 11838
830 11852
831 11868
832 11877
833 11892
834 11906
835 11921
836 11936
837 11950
838 11964
839 11978
840 11996
841 12006
842 12024
843 12035
844 12051
845 12066
846 12077
847 12092
848 12107
849 12123
850 12139
851 12149
852 12164
853 12180
854 12194
855 12211
856 12220
857 12235
858 12249
859 12263
860 12277
861 12292
862 12306
863 12323
864 12337
865 12353
866 12367
867 12382
868 12392
869 12406
870 12420
871 12440
872 12451
873 12466
874 12481
875 12493
876 12510
877 12521
878 12537
879 12550
880 12564
881 12579
882 12594
883 12609
884 12624
885 12635
886 12651
887 12667
888 12677
889 12692
890 12707
891 12722
