0 0
1 14
2 24
3 43
4 54
5 72
6 84
7 96
8 112
9 128
10 142
11 155
12 168
13 185
14 196
15 210
16 228
17 242
18 256
19 271
20 282
21 299
22 311
23 326
24 341
25 353
26 368
27 384
28 397
29 413
30 424
31 441
32 454
33 472
34 483
35 498
36 510
37 527
38 543
39 553
40 567
41 585
42 596
43 613
44 629
45 641
46 656
47 671
48 682
49 701
50 710
51 725
52 741
53 756
54 767
55 784
56 799
57 810
58 824
59 840
60 855
61 872
62 881
63 900
64 912
65 924
66 942
67 953
68 967
69 983
70 996
71 1012
72 1028
73 1038
74 1054
75 1070
76 1085
77 1101
78 1112
79 1124
80 1140
81 1156
82 1167
83 1184
84 1200
85 1213
86 1228
87 1238
88 1256
89 1272
90 1283
91 1300
92 1310
93 1327
94 1338
95 1356
96 1367
97 1383
98 1398
99 1414
100 1425
101 1439
102 1457
103 1468
104 1485
105 1496
106 1514
107 1526
108 1545
109 1556
110 1567
111 1582
112 1599
113 1612
114 1629
115 1642
116 1655
117 1667
118 1686
119 1696
120 1718
121 1726
122 1739
123 1759
124 1773
125 1785
126 1797
127 1814
128 1826
129 1842
130 1853
131 1870
132 1885
133 1901
134 1911
135 1926
136 1938
137 1953
138 1968
139 1983
140 2000
141 2011
142 2026
143 2042
144 2057
145 2068
146 2087
147 2097
148 2115
149 2128
150 2139
151 2157
152 2169
153 2186
154 2200
155 2212
156 2229
157 2240
158 2258
159 2269
160 2285
161 2297
162 2315
163 2327
164 2344
165 2357
166 2370
167 2382
168 2400
169 2410
170 2431
171 2443
172 2455
173 2472
174 2483
175 2497
176 2513
177 2528
178 2540
179 2557
180 2568
181 2583
182 2598
183 2613
184 2629
185 2642
186 2654
187 2672
188 2683
189 2698
190 2711
191 2729
192 2742
193 2752
194 2769
195 2787
196 2798
197 2814
198 2827
199 2839
200 2857
201 2870
202 2885
203 2898
204 2913
205 2924
206 2940
207 2956
208 2972
209 2983
210 2995
211 3011
212 3028
213 3043
214 3055
215 3072
216 3085
217 3098
218 3111
219 3127
220 3143
221 3152
222 3169
223 3184
224 3196
225 3212
226 3227
227 3241
228 3257
229 3268
230 3285
231 3297
232 3314
233 3324
234 3341
235 3355
236 3369
237 3386
238 3400
239 3411
240 3426
241 3439
242 3454
243 3469
244 3486
245 3498
246 3514
247 3526
248 3543
249 3554
250 3571
251 3582
252 3601
253 3614
254 3626
255 3643
256 3657
257 3669
258 3682
259 3698
260 3710
261 3727
262 3741
263 3757
264 3770
265 3782
266 3797
267 3812
268 3826
269 3841
270 3859
271 3870
272 3882
273 3898
274 3915
275 3926
276 3942
277 3955
278 3972
279 3984
280 3995
281 4013
282 4026
283 4041
284 4055
285 4067
286 4084
287 4098
288 4112
289 4126
290 4144
291 4157
292 4171
293 4187
294 4198
295 4210
296 4229
297 4241
298 4253
299 4269
300 4286
301 4297
302 4313
303 4325
304 4342
305 4355
306 4371
307 4384
308 4397
309 4409
310 4427
311 4439
312 4456
313 4467
314 4484
315 4498
316 4511
317 4524
318 4543
319 4558
320 4568
321 4582
322 4595
323 4611
324 4629
325 4641
326 4653
327 4669
328 4684
329 4699
330 4710
331 4728
332 4740
333 4754
334 4770
335 4781
336 4798
337 4811
338 4828
339 4839
340 4857
341 4868
342 4884
343 4902
344 4914
345 4925
346 4944
347 4954
348 4971
349 4982
350 5001
351 5014
352 5025
353 5043
354 5054
355 5070
356 5084
357 5096
358 5115
359 5130
360 5143
361 5158
362 5171
363 5184
364 5196
365 5209
366 5228
367 5244
368 5259
369 5273
370 5291
371 5297
372 5316
373 5331
374 5339
375 5355
376 5370
377 5383
378 5398
379 5412
380 5426
381 5440
382 5456
383 5467
384 5483
385 5500
386 5511
387 5528
388 5543
389 5555
390 5572
391 5583
392 5602
393 5613
394 5627
395 5638
396 5656
397 5672
398 5684
399 5697
400 5713
401 5724
402 5741
403 5753
404 5770
405 5786
406 5799
407 5810
408 5828
409 5841
410 5854
411 5871
412 5882
413 5898
414 5915
415 5925
416 5942
417 5953
418 5971
419 5984
420 5999
421 6014
422 6025
423 6041
424 6058
425 6071
426 6082
427 6100
428 6112
429 6130
430 6141
431 6155
432 6170
433 6188
434 6200
435 6212
436 6226
437 6243
438 6254
439 6271
440 6285
441 6297
442 6311
443 6328
444 6340
445 6359
446 6372
447 6384
448 6400
449 6410
450 6426
451 6442
452 6457
453 6468
454 6482
455 6498
456 6514
457 6524
458 6540
459 6556
460 6572
461 6581
462 6596
463 6613
464 6628
465 6640
466 6656
467 6667
468 6686
469 6699
470 6714
471 6725
472 6743
473 6755
474 6768
475 6785
476 6797
477 6813
478 6826
479 6843
480 6854
481 6872
482 6883
483 6896
484 6912
485 6924
486 6941
487 6955
488 6971
489 6983
490 6996
491 7015
492 7028
493 7038
494 7057
495 7068
496 7085
497 7097
498 7114
499 7126
500 7141
501 7157
502 7167
503 7185
504 7196
505 7213
506 7229
507 7241
508 7256
509 7269
510 7283
511 7300
512 7312
513 7329
514 7341
515 7356
516 7371
517 7383
518 7399
519 7413
520 7424
521 7442
522 7458
523 7472
524 7483
525 7501
526 7512
527 7528
528 7540
529 7555
530 7567
531 7581
532 7599
533 7616
534 7629
535 7643
536 7653
537 7670
538 7685
539 7700
540 7714
541 7729
542 7743
543 7757
544 7770
545 7790
546 7798
547 7814
548 7830
549 7845
550 7853
551 7872
552 7887
553 7900
554 7916
555 7931
556 7944
557 7959
558 7969
559 7986
560 7998
561 8012
562 8024
563 8043
564 8055
565 8067
566 8083
567 8099
568 8111
569 8129
570 8141
571 8159
572 8173
573 8184
574 8197
575 8215
576 8225
577 8241
578 8257
579 8268
580 8283
581 8299
582 8313
583 8326
584 8339
585 8356
586 8369
587 8385
588 8401
589 8409
590 8427
591 8443
592 8454
593 8470
594 8482
595 8499
596 8513
597 8525
598 8538
599 8553
600 8569
601 8585
602 8596
603 8611
604 8627
605 8638
606 8655
607 8672
608 8685
609 8702
610 8712
611 8728
612 8739
613 8756
614 8768
615 8783
616 8796
617 8815
618 8827
619 8840
620 8856
621 8868
622 8887
623 8897
624 8911
625 8925
626 8943
627 8954
628 8971
629 8982
630 8997
631 9010
632 9026
633 9043
634 9053
635 9068
636 9084
637 9100
638 9110
639 9127
640 9143
641 9158
642 9169
643 9185
644 9196
645 9213
646 9227
647 9243
648 9253
649 9271
650 9281
651 9298
652 9315
653 9325
654 9341
655 9355
656 9367
657 9386
658 9398
659 9409
660 9425
661 9441
662 9454
663 9471
664 9482
665 9499
666 9511
667 9528
668 9541
669 9553
670 9570
671 9583
672 9602
673 9613
674 9626
675 9639
676 9657
677 9671
678 9682
679 9697
680 9715
681 9725
682 9744
683 9756
684 9767
685 9784
686 9796
687 9811
688 9827
689 9842
690 9853
691 9871
692 9882
693 9901
694 9911
695 9928
696 9941
697 9958
698 9971
699 9981
700 10001
701 10014
702 10027
703 10038
704 10054
705 10072
706 10083
707 10099
708 10116
709 10128
710 10139
711 10157
712 10170
713 10183
714 10195
715 10212
716 10225
717 10243
718 10255
719 10267
720 10282
721 10298
722 10310
723 10326
724 10340
725 10354
726 10371
727 10383
728 10399
729 10412
730 10428
731 10439
732 10452
733 10468
734 10483
735 10499
736 10510
737 10527
738 10541
739 10558
740 10570
741 10582
742 10601
743 10613
744 10626
745 10643
746 10654
747 10671
748 10682
749 10696
750 10713
751 10725
752 10743
753 10753
754 10771
755 10782
756 10801
757 10814
758 10826
759 10839
760 10854
761 10867
762 10883
763 10896
764 10912
765 10926
766 10940
767 10954
768 10969
769 10982
770 10996
771 11016
772 11030
773 11043
774 11055
775 11071
776 11086
777 11101
778 11114
779 11127
780 11141
781 11153
782 11171
783 11183
784 11196
785 11215
786 11229
787 11239
788 11260
789 11272
790 11285
791 11297
792 11314
793 11325
794 11343
795 11355
796 11367
797 11383
798 11400
799 11412
800 11424
801 11445
802 11455
803 11469
804 11485
805 11497
806 11511
807 11528
808 11540
809 11555
810 11571
811 11582
812 11600
813 11611
814 11624
815 11644
816 11654
817 11670
818 11685
819 11698
820 11714
821 11725
822 11741
823 11755
824 11772
825 11781
826 11802
827 11814
828 11826
829 11843
830 11855
831 11867
832 11883
833 11897
834 11913
835 11925
836 11941
837 11956
838 11971
839 11981
840 11999
841 12011
842 12029
843 12040
844 12059
845 12072
846 12087
847 12099
848 12111
849 12128
850 12140
851 12159
852 12171
853 12183
854 12200
855 12212
856 12224
857 12239
858 12255
859 12270
860 12286
861 12296
862 12310
863 12329
864 12340
865 12357
866 12368
867 12385
868 12399
869 12412
870 12424
871 12441
872 12456
873 12467
874 12484
875 12497
876 12511
877 12526
878 12542
879 12558
880 12569
881 12581
882 12598
883 12614
884 12625
885 12644
886 12654
887 12670
888 12681
889 12698
890 12711
891 12726
892 12738
893 12757
894 12770
895 12786
896 12797
897 12815
898 12826
899 12843
900 12854
901 12870
902 12886
903 12897
904 12917
905 12929
906 12941
907 12956
908 12970
909 12985
910 12996
911 13015
912 13026
