0 0
1 104
2 206
3 308
4 411
5 515
6 618
7 721
8 822
9 923
10 1024
11 1125
12 1228
13 1330
14 1436
15 1537
16 1640
17 1744
18 1847
19 1951
20 2053
21 2157
22 2261
23 2366
24 2470
25 2571
26 2676
27 2781
28 2884
29 2985
30 3087
31 3187
32 3288
33 3393
34 3498
35 3599
36 3705
37 3807
38 3909
39 4011
40 4112
41 4214
42 4318
43 4418
44 4523
45 4626
46 4727
47 4828
48 4933
49 5036
50 5140
51 5242
52 5344
53 5446
54 5552
55 5656
56 5756
57 5858
58 5959
59 6061
60 6164
61 6264
62 6368
63 6470
64 6572
65 6676
66 6781
67 6885
68 6990
69 7093
70 7193
71 7294
72 7394
73 7498
74 7602
75 7706
76 7809
77 7914
78 8019
79 8119
80 8223
81 8323
82 8427
83 8533
84 8636
85 8738
86 8842
87 8943
88 9046
89 9148
90 9248
91 9352
92 9453
93 9555
94 9660
95 9763
96 9863
97 9966
98 10068
99 10170
100 10272
101 10376
102 10480
103 10583
104 10684
105 10787
106 10891
107 10991
108 11096
109 11200
110 11305
111 11405
112 11509
113 11610
114 11712
115 11815
116 11916
117 12018
118 12121
119 12226
120 12327
121 12432
122 12537
123 12642
124 12746
125 12849
126 12951
127 13051
128 13155
129 13255
130 13356
131 13456
132 13558
133 13659
134 13760
135 13864
136 13968
